# 2 246391,1.0:2700 9,1.0:199
$ 1 246400,1.3010299956639813:236,244
& 2 246391,1.8450980400142567:48,60,121,938,2295,2739,4031 9,1.0:42
's 2 246391,1.0:99 9,1.4771212547196624:88,128,135
( 2 246391,2.3979400086720375:38,44,57,126,244,248,593,601,782,814,844,887,917,949,1836,1849,1862,1876,1879,1897,1923,1943,2143,2297,2933 9,2.230448921378274:34,40,51,101,142,273,284,424,432,506,586,913,929,953,1067,1082,2455
) 2 246391,2.3979400086720375:40,50,62,129,247,251,595,603,784,816,846,889,919,951,1839,1852,1865,1878,1882,1900,1926,1946,2145,2299,2936 9,2.230448921378274:36,44,55,104,145,276,287,426,434,508,588,915,931,955,1070,1084,2459
, 2 246391,3.3783979009481375:46,158,262,295,297,304,321,363,372,385,440,465,478,481,486,506,508,519,631,679,687,714,742,747,774,788,802,824,965,979,1005,1026,1068,1140,1187,1191,1209,1211,1228,1242,1254,1261,1305,1308,1311,1315,1324,1342,1352,1374,1410,1449,1465,1471,1475,1479,1489,1509,1553,1568,1587,1600,1607,1620,1640,1644,1648,1671,1696,1700,1712,1726,1746,1775,1901,1918,1937,1957,1984,1997,2002,2009,2045,2052,2089,2093,2097,2157,2204,2219,2226,2240,2268,2281,2284,2336,2358,2377,2401,2429,2479,2491,2536,2557,2559,2584,2620,2633,2729,2741,2759,2784,2787,2795,2844,2869,2873,2937,2964,2977,2980,2998,3008,3022,3025,3032,3035,3057,3061,3082,3105,3133,3155,3177,3192,3223,3245,3279,3288,3326,3353,3374,3378,3389,3402,3418,3422,3429,3437,3462,3477,3490,3505,3507,3527,3534,3574,3613,3621,3626,3636,3650,3661,3691,3700,3711,3723,3742,3759,3787,3803,3824,3830,3839,3866,3875,3897,3906,3923,3926,3947,3952,3964,3972,3999,4003,4009,4012,4091,4094,4142,4161,4192,4194,4214,4220,4223,4238,4305,4315,4320,4324,4367,4393,4401,4413,4489,4503,4527,4535,4554,4556,4569,4593,4622,4625,4629,4662,4688,4693,4697,4702,4721,4739,4755,4790,4821,4841,4899,4919,4943,4949,4961,4967,4990,4992,4999,5012,5021 9,2.963787827345555:171,182,193,201,203,212,215,219,232,238,246,253,257,296,308,324,411,414,427,435,441,479,502,509,520,545,552,589,594,606,630,654,668,684,738,784,900,916,932,937,956,962,974,1019,1071,1144,1273,1277,1319,1362,1370,1375,1384,1430,1433,1470,1501,1519,1592,1636,1650,1687,1715,1789,1828,1938,1943,1965,1989,2003,2005,2009,2063,2109,2160,2167,2199,2231,2233,2247,2260,2274,2330,2377,2461,2469,2492,2494,2498,2526,2538,2572
. 2 246391,3.2430380486862944:154,172,185,199,209,211,258,276,315,341,378,416,426,438,463,503,541,553,578,580,696,698,736,772,820,847,886,890,900,916,920,948,952,974,1022,1050,1092,1114,1127,1156,1160,1177,1204,1287,1303,1335,1360,1389,1438,1445,1461,1505,1530,1549,1564,1575,1616,1636,1660,1691,1742,1755,1765,1800,1815,1817,1866,1908,1952,1975,1995,2005,2031,2041,2061,2084,2121,2149,2183,2254,2287,2314,2350,2364,2388,2421,2448,2476,2518,2551,2568,2598,2616,2629,2712,2726,2779,2818,2842,2866,2943,2956,2970,2987,3017,3046,3070,3093,3101,3121,3140,3166,3185,3204,3206,3322,3344,3372,3381,3427,3458,3475,3486,3500,3520,3547,3566,3589,3619,3666,3679,3696,3740,3756,3780,3822,3849,3887,3941,4034,4040,4072,4127,4139,4157,4187,4207,4233,4260,4299,4340,4358,4386,4429,4461,4487,4513,4547,4565,4589,4619,4646,4681,4717,4734,4770,4807,4839,4871,4897,4928,4956,4984,5008,5030 9,3.0606978403536114:277,347,359,367,381,387,389,403,463,475,494,537,558,577,602,621,640,649,663,677,693,707,716,734,751,765,776,793,805,817,823,834,842,850,857,868,894,922,944,967,985,998,1028,1040,1055,1075,1089,1095,1110,1129,1140,1155,1157,1171,1183,1191,1198,1208,1218,1235,1251,1262,1268,1292,1321,1353,1387,1397,1413,1438,1457,1487,1497,1529,1552,1575,1588,1602,1625,1640,1657,1659,1674,1681,1719,1726,1745,1754,1772,1805,1825,1843,1870,1908,1910,1920,1958,1972,2000,2035,2058,2088,2127,2181,2225,2294,2326,2361,2382,2395,2436,2479,2559,2568,2579
01-307 1 246400,1.0:200
1 1 246391,1.6989700043360187:594,602,783,815,4123
1.10am 1 246400,1.0:1124
10 2 246391,1.3010299956639813:1816,3130 9,1.0:1156
10.30pm 1 246400,1.0:665
10.31pm 1 246400,1.3010299956639813:189,1267
1094 1 246391,1.0:4948
10pm 1 246400,1.0:737
11-11 1 246391,1.0:2701
11.23pm 1 246400,1.0:1039
11.after 1 246391,1.0:2042
11.at 1 246400,1.0:1269
111 1 246391,1.0:4955
12.dure 1 246391,1.0:2085
12.the 1 246400,1.0:1388
13 1 246391,1.0:23
13.counsel 1 246391,1.0:2184
13.the 1 246400,1.0:1414
136 1 246391,1.0:4896
14.in 1 246391,1.0:2255
14.the 1 246400,1.0:1488
14/1997 1 246391,1.0:19
143 1 246400,1.0:10
15 1 246400,1.0:1658
15.to 1 246391,1.0:2351
16 1 246391,1.3010299956639813:3693,4952
16.one 1 246400,1.0:1727
16.the 1 246391,1.0:2599
1620089a 1 246400,1.0:177
17.both 1 246391,1.0:2819
17.the 1 246400,1.0:1871
18 2 246391,1.0:2043 9,1.0:1909
18.the 1 246391,1.0:2867
1841 1 246391,1.0:4028
19.the 2 246391,1.0:2944 9,1.0:2089
1952 1 246391,1.0:1045
1970 1 246391,1.4771212547196624:943,4121,4893
1980-1981 1 246400,1.0:2432
1981 1 246400,1.0:2426
1990 1 246391,1.0:2960
1992 1 246391,1.6020599913279623:2955,3038,3055,3081
1994 1 246391,1.6989700043360187:881,1951,2963,3132,3154
1995 1 246391,1.6989700043360187:1956,2001,2236,2304,2615
1996 1 246391,1.0:473
1997 2 246391,1.7781512503836434:10,25,3625,3646,3678,3695 9,1.9030899869919433:186,410,501,1109,1128,1180,1635,1999
1998 1 246400,1.4771212547196624:7,21,375
2 2 246391,1.6989700043360187:210,475,883,945,1954 9,1.4771212547196624:388,1126,2428
2.24pm 1 246400,1.0:1182
20.at 1 246391,1.0:3186
20.the 1 246400,1.0:2295
21 2 246391,1.0:3205 9,1.0:373
21.there 1 246400,1.0:2362
22.in 2 246391,1.0:3323 9,1.0:2523
224 1 246400,1.6020599913279623:103,144,275,286
23 1 246391,1.0:3623
23.for 1 246400,1.0:2569
23.in 1 246391,1.0:3757
24.thi 1 246391,1.0:3850
240 1 246391,1.0:4033
2462 1 246391,1.0:1835
25.from 1 246391,1.0:4234
254 1 246391,1.0:13
26.in 1 246391,1.0:4566
269/1997 1 246400,1.0:15
27.in 1 246391,1.0:4735
272 1 246391,1.0:947
28 1 246391,1.0:4946
2867z 1 246391,1.0:1861
29 2 246391,1.0:622 9,1.0:19
3 1 246400,1.4771212547196624:198,1107,1997
3.sometim 1 246400,1.0:495
3.the 1 246391,1.0:417
31 1 246400,1.6020599913279623:184,408,499,1178
32.80 1 246400,1.0:237
328 1 246400,1.0:245
381 1 246400,1.6020599913279623:98,139,268,279
382 1 246391,1.0:336
386 1 246391,1.9030899869919433:120,238,267,282,459,547,755,781
392 1 246391,2.1461280356782377:122,254,307,368,392,422,574,592,600,732,765,813,839,1189
4 1 246391,1.0:579
4.at 1 246400,1.0:664
40 1 246391,1.0:4940
414 1 246391,1.0:885
4328 1 246391,1.0:1848
451 1 246400,1.0:195
49 1 246400,1.0:2430
5 1 246391,1.6020599913279623:697,2632,2751,3826
5.nanci 1 246400,1.0:717
523 1 246391,1.3010299956639813:477,1098
540 1 246391,1.0:4126
5pm 1 246400,1.0:1186
6 1 246391,1.0:3644
6.10pm 1 246400,1.0:605
6.35pm 1 246400,1.0:1217
6.basuri 1 246400,1.0:794
6.from 1 246391,1.0:975
68 1 246391,1.3010299956639813:128,246
6pm 1 246400,1.3010299956639813:497,1197
7 2 246391,1.6020599913279623:2234,2613,2699,3676 9,1.0:337
7.onc 1 246400,1.0:895
7.the 1 246391,1.0:1162
73 1 246400,1.0:2435
8 2 246391,1.0:1999 9,1.0:1633
8.i 1 246391,1.0:1288
8.insid 1 246400,1.0:968
856 1 246391,1.0:1049
860 1 246391,1.0:1074
862 1 246391,1.0:4942
9.in 1 246391,1.0:1506
9.the 1 246400,1.0:1029
: 2 246391,2.3979400086720375:16,22,27,31,41,67,131,610,843,872,915,936,973,1075,1226,1486,2202,2647,2880,3221,3917,4022,4115,4886,4938 9,2.0:13,18,23,27,37,60,147,166,176,289
; 2 246391,2.1461280356782377:54,71,1240,1251,1840,1853,2217,2237,2892,2904,2918,3243,3276,3987 9,1.0:48
? 1 246400,1.0:1933
@ 1 246391,1.0:2667
[ 2 246391,1.9542425094393248:9,472,880,942,1044,1157,4027,4120,4892 9,1.4771212547196624:6,2425,2431
] 2 246391,1.9542425094393248:11,474,882,944,1046,1161,4029,4122,4894 9,1.4771212547196624:8,2427,2433
` 2 246391,2.826074802700826:335,337,445,453,652,726,990,997,1393,1654,1658,1716,1779,1915,2015,2020,2178,2182,2193,2208,2342,2345,2349,2417,2444,2488,2548,2606,2746,2748,2836,2946,3028,3066,3069,3077,3237,3254,3313,3493,3531,3542,3546,3564,3633,3726,3768,3817,3821,3843,3845,3858,3863,3976,3979,4087,4096,4100,4201,4330,4432,4464,4523,4545,4665,4711,4715 9,2.414973347970818:227,230,357,397,457,534,820,822,971,1165,1324,1426,1484,1540,1662,1775,2095,2103,2135,2207,2222,2412,2443,2505,2522,2556
a 2 246391,2.886490725172482:139,189,212,361,375,650,724,749,833,848,911,933,956,960,988,1054,1076,1080,1101,1222,1268,1293,1300,1322,1332,1407,1467,1499,1510,1515,1602,1638,1646,1652,1723,1756,1791,1795,1829,1841,1855,1902,1960,2062,2231,2324,2381,2486,2506,2822,2938,3098,3281,3431,3558,3673,3910,3930,3954,3975,4056,4095,4245,4276,4335,4377,4449,4469,4576,4580,4663,4678,4709,4728,4796,4856,4978 9,2.462397997898956:210,216,240,292,304,331,345,415,450,510,546,567,590,631,687,727,827,892,1543,1565,1568,1629,1641,1653,1678,1874,2212,2337,2384
abalon 1 246400,2.6020599913279625:231,448,474,528,550,615,635,725,753,772,831,847,976,987,1014,1021,1045,1103,1153,1256,1298,1329,1340,1364,1377,1393,1736,1803,1823,1882,1923,1956,2116,2140,2171,2191,2258,2292,2369,2547
abdic 1 246391,1.0:1520
abl 1 246400,1.0:880
abort 1 246391,1.0:3435
about 2 246391,1.6020599913279623:1090,1200,2307,3304 9,1.8450980400142567:188,604,941,1038,1123,1599,1711
absenc 1 246391,1.0:1257
accept 1 246400,1.0:2466
accord 1 246400,1.3010299956639813:1209,1498
accordingli 2 246391,1.0:439 9,1.0:2560
account 1 246391,1.3010299956639813:2310,2319
accur 1 246400,1.0:2468
accus 1 246400,1.0:2510
achiev 1 246391,1.0:1675
act 1 246391,1.0:356
action 1 246391,1.0:110
actual 2 246391,1.0:4982 9,1.3010299956639813:1747,1991
ad 1 246391,1.0:1159
addit 1 246391,1.0:3758
adduc 1 246391,1.6020599913279623:93,2197,2862,3470
adjourn 1 246391,1.0:3640
adjud 1 246391,1.0:4583
adjudg 1 246391,1.0:4786
admit 2 246391,1.0:3297 9,1.6020599913279623:1147,1637,1723,2113
advanc 1 246391,1.3010299956639813:4099,4409
advoc 1 246391,1.3010299956639813:1031,4933
affect 1 246391,1.0:2485
afoot 1 246391,1.0:5029
after 2 246391,1.6989700043360187:434,1601,3134,3627,4253 9,1.9542425094393248:496,650,736,777,1185,1196,1463,1589,1682
again 1 246391,1.4771212547196624:3058,3741,4726
against 2 246391,1.6989700043360187:927,2839,3369,4752,4764 9,1.6989700043360187:113,362,2388,2508,2575
aggriev 1 246391,1.0:1749
agre 2 246391,1.3010299956639813:1291,3145 9,1.0:873
agreement 1 246391,1.0:218
ah 1 246400,1.0:584
ahmad 1 246400,1.3010299956639813:952,954
all 2 246391,1.9030899869919433:2012,2118,2623,2921,3103,3794,4124,4600 9,1.0:1684
alleg 2 246391,1.4771212547196624:624,1963,4427 9,1.3010299956639813:1669,2477
allegedli 1 246400,1.3010299956639813:1763,1981
allow 2 246391,1.0:4833 9,1.4771212547196624:378,1505,2578
also 2 246391,1.4771212547196624:2694,3056,4439 9,1.7781512503836434:341,946,1000,2038,2066,2130
altern 1 246391,1.0:4898
although 1 246391,1.6020599913279623:1361,1390,1466,3781
am 1 246400,1.0:2227
amarjit 1 246400,1.0:49
an 2 246391,2.113943352306837:855,892,928,1427,1676,2269,2777,2967,3568,4616,4874,4882,5005 9,1.9030899869919433:263,470,1020,1363,1376,1464,1474,2532
analysi 1 246391,1.3010299956639813:2148,3612
ancillari 1 246391,1.0:4281
and 2 246391,2.863322860120456:3,79,90,162,204,532,691,756,857,905,993,1083,1170,1185,1252,1422,1440,1634,1656,1740,1854,1886,1927,1949,2017,2072,2076,2134,2238,2327,2340,2413,2473,2528,2534,2687,2693,2776,2808,2821,2857,2896,2919,2974,3009,3114,3156,3172,3260,3277,3310,3350,3417,3517,3730,3790,3873,3961,4010,4090,4179,4205,4279,4296,4350,4381,4443,4474,4607,4613,4654,4713,4781 9,2.857332496431268:107,156,258,339,352,365,376,529,570,712,744,845,887,906,990,1009,1024,1046,1229,1282,1310,1338,1371,1380,1435,1471,1542,1567,1597,1672,1707,1770,1787,1790,1798,1807,1819,1834,1850,1852,1865,1885,1890,1896,1905,1936,1953,1966,1969,1987,2016,2020,2022,2051,2061,2075,2079,2083,2086,2144,2210,2252,2256,2270,2275,2288,2312,2316,2318,2350,2355,2495
ani 2 246391,2.041392685158225:450,614,643,1747,2676,2890,3446,4001,4444,4922,5010 9,1.6020599913279623:314,1713,2162,2485
annul 1 246391,1.0:3136
anor 1 246391,1.0:939
anoth 2 246391,1.6020599913279623:4,72,1497,2547 9,1.3010299956639813:1359,1372
answer 1 246400,1.0:1845
anyth 1 246400,1.3010299956639813:856,1247
apart 1 246391,1.0:2778
appeal 2 246391,1.3010299956639813:926,4883 9,1.9030899869919433:110,112,361,371,380,1912,1917,2574
appear 2 246391,1.8450980400142567:325,828,1608,3405,3761,4241,4970 9,1.0:2053
appel 1 246400,2.568201724066995:47,127,134,153,349,456,523,562,610,642,656,672,695,714,792,797,852,905,1030,1121,1146,1173,1294,1323,1389,1415,1483,1489,1666,1809,1935,2102,2157,2206,2221,2390,2555
appli 2 246391,1.6020599913279623:352,494,771,1524 9,1.0:2405
applic 1 246391,1.7781512503836434:117,274,313,805,3618,4103
approach 1 246391,1.7781512503836434:823,1033,1302,4875,4932,4986
appropri 1 246391,1.0:1763
approv 1 246391,1.0:2711
april 2 246391,1.0:3624 9,1.3010299956639813:20,374
are 2 246391,1.6020599913279623:1442,2035,4477,4595 9,1.0:178
area 1 246391,1.0:2602
argu 1 246391,1.0:3946
argument 2 246391,1.0:4445 9,1.3010299956639813:1465,1475
aris 2 246391,1.3010299956639813:1454,4621 9,1.0:2218
arisen 1 246391,1.3010299956639813:4166,4219
as 2 246391,2.5314789170422554:311,360,364,374,396,520,608,660,790,897,1267,1331,1417,1637,1701,1766,2378,2380,2463,2724,3280,3430,3587,3672,3745,3899,3991,4092,4150,4208,4302,4316,4435,4579 9,2.041392685158225:401,553,673,1053,1169,1638,1724,1836,2383,2467,2483
ascertain 1 246391,1.6989700043360187:686,1130,1232,1245,1541
ask 2 246391,1.3010299956639813:2849,4006 9,1.6989700043360187:819,859,947,1078,1283
assert 1 246391,1.0:907
assum 1 246391,1.0:265
at 2 246391,2.1461280356782377:94,870,1072,1235,1336,1369,2630,2737,3102,3467,3682,3903,4000,4563 9,2.230448921378274:187,190,235,417,485,603,798,897,1037,1122,1137,1181,1216,1266,2161,2406,2437
attempt 2 246391,1.0:3569 9,1.0:1607
attent 1 246391,1.0:3230
august 1 246391,1.3010299956639813:1948,2000
author 1 246391,1.3010299956639813:3802,4937
authoris 1 246391,1.0:1100
avenu 2 246391,1.0:4823 9,1.0:197
b 1 246400,1.0:38
back 1 246400,1.6989700043360187:864,896,1033,1225,1288
bag 2 246391,1.0:4182 9,1.3010299956639813:662,683
bankrupt 1 246391,1.0:2969
bankruptci 1 246391,1.0:3139
bare 1 246391,1.3010299956639813:3977,4017
base 1 246391,1.0:3948
basi 1 246391,1.0:2588
basuri 1 246400,2.230448921378274:429,433,467,480,669,697,708,769,785,858,875,901,923,1105,1274,1434,1461
be 2 246391,2.6232492903979003:180,272,333,646,685,830,854,1146,1265,1296,1328,1364,1480,1558,1572,1612,1649,1663,1694,2347,2539,3199,3585,3763,3778,3929,4062,4102,4113,4300,4325,4399,4406,4417,4440,4455,4517,4604,4611,4674,4677,5003 9,1.9030899869919433:90,204,291,298,326,342,879,2404
becam 1 246391,1.0:3123
becaus 2 246391,1.9030899869919433:429,2170,2511,2760,3062,3526,4167,5022 9,1.0:1445
been 2 246391,2.4771212547196626:443,500,510,569,629,1001,1009,1790,1968,2168,2212,2279,2321,2331,2755,3241,3250,3367,3387,3400,3440,3798,3997,4269,4508,4785,4795,4814,4827,4973 9,1.6989700043360187:1704,1750,1994,2512,2566
beer 1 246400,1.0:452
befor 2 246391,1.3010299956639813:3351,4458 9,1.3010299956639813:1643,2164
behaviour 1 246400,1.0:2224
belong 1 246400,1.3010299956639813:2120,2177
below 1 246391,1.7781512503836434:198,222,518,1824,3349,4259
benefici 1 246391,1.0:3993
benefit 1 246391,1.0:3984
bequeath 1 246391,1.3010299956639813:2011,2622
between 1 246391,1.7781512503836434:223,529,799,1947,2679,4705
beyond 1 246400,1.0:1697
bhd 1 246391,1.6020599913279623:469,708,739,1772
bin 1 246400,1.3010299956639813:430,1080
bind 1 246391,1.0:1198
biscuit 1 246400,2.1461280356782377:619,638,689,706,815,908,983,1049,1202,1223,1260,1280,1306,1408
blk 2 246391,1.0:2698 9,1.0:194
blue 1 246400,2.3010299956639813:1010,1025,1309,1381,1788,1799,1820,1851,1864,1891,1904,1954,1970,2021,2080,2087,2257,2289,2317,2356
bond 1 246391,1.0:4857
both 2 246391,1.9030899869919433:159,539,2073,2367,2971,3345,3736,3856 9,1.0:644
bought 1 246400,1.3010299956639813:1200,1215
box 1 246400,1.7781512503836434:453,493,569,573,722,743
branch 1 246400,1.3010299956639813:420,885
break 1 246400,1.0:1207
brother-in-law 1 246400,1.0:1598
brought 2 246391,1.0:3368 9,1.3010299956639813:1221,1710
bu 1 246400,1.3010299956639813:800,1271
but 2 246391,1.6989700043360187:294,1576,2492,3083,3898 9,1.3010299956639813:872,1619
buy 1 246391,1.0:3182
by 2 246391,2.5440680443502757:366,512,613,1284,1523,1626,1665,1871,1891,1906,2152,2196,2323,2385,2439,2505,2578,2617,2927,3003,3014,3300,3594,3832,3855,4045,4064,4133,4147,4271,4410,4480,4698,4877,4934 9,2.1461280356782377:133,1712,1743,1894,1931,2040,2100,2148,2152,2200,2239,2243,2324,2359
call 2 246391,1.7781512503836434:2286,2363,2723,2829,3671,4420 9,1.4771212547196624:925,964,2567
can 2 246391,1.8450980400142567:683,904,1289,1423,1518,2344,4318 9,2.7558748556724915:225,446,526,531,541,551,555,565,613,636,726,748,754,773,829,848,977,988,1022,1043,1101,1154,1257,1299,1312,1365,1378,1394,1405,1737,1748,1765,1781,1804,1824,1842,1857,1880,1924,1957,1964,1971,1983,1992,2013,2026,2048,2072,2141,2192,2259,2267,2293,2307,2347,2370,2548
canvass 1 246391,1.3010299956639813:4456,4722
cap 2 246391,1.3010299956639813:127,245 9,1.6020599913279623:102,143,274,285
capac 2 246391,1.0:359 9,1.3010299956639813:208,302
car 1 246391,1.8450980400142567:1830,2690,2747,2775,3844,4111,4178
card 1 246391,1.0:3162
care 1 246391,1.0:3466
carri 1 246400,1.0:680
case 2 246391,2.361727836017593:14,137,414,496,750,1038,1448,1464,1539,1552,1567,1619,1745,3494,3565,3635,3851,4078,4571,4720,4738,4966,5020 9,2.0:11,391,399,1159,1167,2302,2414,2445,2507,2525
cash 1 246391,1.0:2325
categori 1 246391,1.0:2199
cathi 1 246391,1.0:2826
caus 1 246391,1.0:3267
centr 1 246391,1.0:2608
chanc 1 246400,1.0:893
charg 2 246391,1.4771212547196624:1513,2887,4751 9,1.6989700043360187:165,179,1337,1647,2387
check 1 246400,1.8450980400142567:491,670,719,740,778,844,1278
cheng 1 246391,1.4771212547196624:1,69,1874
chequ 1 246391,1.3010299956639813:3871,4203
chilli 1 246400,1.0:1366
chin 1 246400,1.3010299956639813:255,927
chines 1 246391,1.3010299956639813:2583,2592
chong 1 246391,1.4771212547196624:700,874,1706
choo 1 246391,1.0:4890
chye 1 246400,1.3010299956639813:256,928
circumst 1 246391,1.4771212547196624:635,4323,4701
circumstanti 1 246400,1.0:2216
cite 1 246391,1.3010299956639813:305,390
civil 1 246391,2.113943352306837:913,1081,1724,1753,4295,4485,4587,4762,4863,4926,4979,4995,5024
cj 2 246391,1.3010299956639813:35,135 9,1.3010299956639813:31,151
claim 1 246391,1.6989700043360187:165,2079,2195,4378,4392
claimant 1 246391,1.3010299956639813:531,801
clear 1 246391,1.8450980400142567:103,961,982,1180,1583,1796,4336
clearli 1 246400,1.0:2304
clementi 1 246400,1.6020599913279623:196,419,799,1270
clerk 1 246400,1.3010299956639813:293,305
close 2 246391,1.0:3629 9,1.3010299956639813:1467,2408
code 2 246391,1.4771212547196624:125,243,1061 9,1.6020599913279623:100,141,272,283
colour 1 246400,1.9030899869919433:1011,1027,1369,1383,1800,1839,1955,2082
commenc 1 246391,1.6989700043360187:433,1752,4376,4761,4998
comment 1 246391,1.3010299956639813:347,3771
commiss 1 246391,1.0:641
commit 1 246400,1.4771212547196624:221,262,309
compani 1 246391,1.6989700043360187:1904,1936,2273,2939,3031
compar 1 246391,1.6020599913279623:2403,2431,2590,3702
compet 1 246391,1.0:3449
complaint 1 246391,1.0:2838
complet 1 246391,1.3010299956639813:2048,4815
complex 1 246391,1.4771212547196624:1736,4584,4687
complic 1 246391,1.3010299956639813:3854,4044
conced 1 246400,1.0:2039
concept 1 246391,1.0:1444
concern 1 246391,1.6020599913279623:138,524,753,1828
conclud 1 246391,1.3010299956639813:2556,3731
conclus 1 246391,1.0:896
conduct 2 246391,1.0:836 9,1.0:1677
confirm 2 246391,1.0:2811 9,1.4771212547196624:1001,1854,2023
conflict 1 246391,1.3010299956639813:91,4247
confus 1 246391,1.3010299956639813:514,4266
connect 1 246391,1.0:1025
consequ 1 246391,1.0:4141
consid 2 246391,1.0:1810 9,1.3010299956639813:1683,2449
consider 1 246391,1.0:1603
constrain 1 246391,1.3010299956639813:1297,4479
contact 1 246400,1.0:1609
contend 1 246391,1.3010299956639813:2105,3085
content 1 246400,1.4771212547196624:1584,1732,1777
contest 1 246391,1.3010299956639813:4425,4614
context 1 246391,1.0:1699
contradict 2 246391,1.0:4063 9,1.0:2238
contrari 1 246391,1.0:4071
control 1 246391,1.0:2514
conven 1 246391,1.0:2066
convers 1 246391,1.4771212547196624:4380,4488,4768
convict 1 246400,1.7781512503836434:114,157,351,364,2521,2576
coram 2 246391,1.0:30 9,1.0:26
corpor 1 246400,1.0:1131
correct 2 246391,1.3010299956639813:1408,1730 9,1.0:1615
correctli 1 246391,1.0:4672
could 2 246391,2.0:1376,2484,2538,3927,3944,4101,4516,4673,4843,4901 9,1.0:1241
counsel 2 246391,2.113943352306837:36,386,401,1027,1205,2153,3211,3354,3575,3595,3888,4134,4210 9,1.3010299956639813:32,2042
cours 1 246391,1.6989700043360187:108,150,866,1271,1978
court 2 246391,2.3010299956639813:29,221,452,517,654,967,996,1082,1689,1725,1778,1823,3348,3447,4258,4460,4864,4880,4918,4927 9,1.6020599913279623:25,161,1318,1649
cpc 1 246391,2.3010299956639813:250,257,270,285,310,340,371,395,412,425,462,550,577,598,606,735,768,787,819,842
cr 1 246391,1.6020599913279623:17,1047,4030,4953
creat 1 246391,1.0:637
crimin 2 246391,1.8450980400142567:77,123,241,451,1059,4297,4644 9,1.3010299956639813:67,105
cross-examin 2 246391,1.3010299956639813:2151,2478 9,1.3010299956639813:1827,2002
crux 1 246400,1.0:1914
custodi 1 246391,1.3010299956639813:690,4915
cwn 1 246391,1.3010299956639813:4941,4947
d2 1 246400,1.0:1374
d4 1 246400,1.7781512503836434:1018,1320,1346,1869,1907,2034
d5 1 246400,1.0:1361
d6 1 246400,1.0:1639
da 1 246391,1.4771212547196624:1041,1528,4230
date 2 246391,1.6020599913279623:21,2233,2612,3692 9,1.0:17
day 2 246391,1.3010299956639813:1323,1341 9,1.6020599913279623:478,667,733,1642
deaf 1 246400,1.0:511
deal 1 246391,1.4771212547196624:558,792,1052
dealt 1 246391,1.3010299956639813:757,3509
death 1 246391,1.3010299956639813:2253,3421
deceas 1 246391,1.0:1881
decemb 1 246391,1.0:1950
decid 1 246391,1.7781512503836434:1088,1104,1402,1415,2055,2884
decis 2 246391,1.6020599913279623:20,100,1199,4332 9,1.0:16
declar 1 246391,1.0:2649
defenc 1 246400,1.6989700043360187:1162,1164,1399,1774,2562
delin 1 246391,1.0:1002
deliv 1 246391,1.6020599913279623:181,1593,3200,3933
deliveri 1 246391,1.3010299956639813:666,4496
deni 1 246400,1.4771212547196624:1253,1390,1490
depart 2 246391,1.0:2139 9,1.0:517
deputi 1 246400,1.0:52
derrick 1 246391,1.0:45
desai 1 246391,1.3010299956639813:1069,1391
deterior 1 246400,1.0:1462
did 2 246391,1.6020599913279623:345,405,3095,4037 9,2.041392685158225:220,853,1004,1547,1580,1793,1814,1948,2158,2175,2283
die 1 246391,1.0:2004
differ 1 246391,1.0:3739
dinner 1 246400,1.3010299956639813:1190,1206
dire 1 246400,1.0:1680
disallow 1 246391,1.0:2851
disclosur 1 246391,1.0:1631
discov 2 246391,1.0:4612 9,1.0:745
discoveri 1 246391,1.3010299956639813:4288,4395
discret 1 246391,1.6020599913279623:534,728,992,4671
discuss 1 246391,1.0:1067
dismiss 1 246391,1.0:201
dispos 1 246391,2.278753600952829:86,140,491,526,586,807,834,849,934,1516,1669,1819,1826,2063,2087,4277,4577,4779,4819
disput 1 246391,1.4771212547196624:1021,1089,1379
distribut 1 246391,1.6989700043360187:796,861,1680,2068,4634
district 1 246391,1.4771212547196624:174,343,376
do 1 246391,1.3010299956639813:4039,4703
document 1 246391,1.6989700043360187:1633,3777,4184,4292,4397
doe 1 246391,1.0:1420
door 1 246400,1.0:1468
dormant 1 246391,1.3010299956639813:1903,3030
doubt 2 246391,1.3010299956639813:4262,4624 9,1.0:1699
draft 1 246391,1.4771212547196624:2719,2792,3831
drive 1 246391,1.0:3099
dss 1 246391,1.9030899869919433:2144,2360,3233,3498,3503,3659,3668,4403
durat 1 246391,1.0:5007
dure 2 246391,1.4771212547196624:155,379,1349 9,1.4771212547196624:476,1204,1510
each 2 246391,1.0:1538 9,1.4771212547196624:233,685,2472
earlier 1 246391,1.0:746
effect 2 246391,1.3010299956639813:1721,2225 9,1.0:2183
either 1 246391,1.3010299956639813:4138,4148
element 1 246400,1.4771212547196624:2474,2489,2534
elia 1 246391,1.0:59
emphasi 1 246391,1.4771212547196624:1158,3248,3893
employ 1 246400,1.6020599913279623:136,205,299,323
empti 1 246400,1.0:1048
end 2 246391,1.3010299956639813:1338,3188 9,1.0:2439
eng 1 246391,1.6020599913279623:7,75,1921,2665
enquir 1 246391,1.0:2306
enquiri 1 246391,1.0:1116
ensu 1 246391,1.0:1981
entitl 1 246391,2.2041199826559246:166,673,1017,1124,1147,1386,1483,1546,1554,1580,1613,2080,3998,4418,4532,4683
er 2 246391,1.3010299956639813:3293,4125 9,1.0:2333
err 1 246400,1.0:118
error 1 246391,1.6020599913279623:958,1793,4680,4798
escort 1 246400,1.0:1032
essenti 1 246400,1.4771212547196624:2473,2488,2533
establish 1 246400,1.4771212547196624:2471,2531,2544
estat 1 246391,1.4771212547196624:2040,2192,3426
even 2 246391,1.4771212547196624:1577,3965,4808 9,1.0:1520
event 1 246391,1.0:5011
eventu 1 246400,1.0:1627
evid 2 246391,2.361727836017593:92,320,1586,1606,1635,2201,2205,2241,2607,2948,3328,3469,3481,3533,3551,3744,3865,4065,4144,4249,4434,4553,4609 9,2.1760912590556813:1237,1326,1554,1686,1757,1975,2203,2217,2236,2241,2262,2277,2299,2454,2482
examin 1 246400,1.0:2059
exampl 1 246391,1.0:1307
exclud 1 246391,1.0:3525
executor 1 246391,1.6989700043360187:2037,2387,2428,2605,3789
exercis 1 246391,1.8450980400142567:537,722,969,1650,1786,4311,4669
exh 1 246400,1.6020599913279623:543,628,1017,1093
exhibit 2 246391,1.0:2502 9,1.6020599913279623:1054,1057,1088,1767
exist 1 246391,1.0:3957
expediti 1 246391,1.3010299956639813:858,1677
expert 1 246391,1.0:4423
expir 1 246391,1.0:1504
explain 1 246391,1.0:2635
express 1 246391,1.0:2338
extend 1 246400,1.0:335
extract 1 246391,1.0:1167
eye 1 246400,1.0:471
f 1 246391,1.0:711
f/34 1 246400,1.0:172
fact 2 246391,2.113943352306837:1457,1536,1562,1739,2572,2879,3362,3444,3896,4047,4081,4653,5028 9,1.6020599913279623:123,1877,2154,2341
fail 1 246400,1.3010299956639813:2529,2542
failur 1 246391,1.6989700043360187:104,962,1797,4337,4667
fairpric 1 246400,1.3010299956639813:192,423
fashion 1 246391,1.3010299956639813:1659,4618
fault 1 246391,1.0:1355
favour 1 246391,1.3010299956639813:3960,4867
featur 1 246400,1.0:626
februari 2 246391,1.3010299956639813:2235,2614 9,1.4771212547196624:1108,1127,1998
fee 1 246391,1.3010299956639813:3024,3060
few 1 246400,1.0:828
file 1 246391,1.0:188
fin 1 246400,1.0:536
financ 1 246391,1.6989700043360187:468,707,738,1771,2296
financi 1 246391,1.0:3044
find 2 246391,1.6020599913279623:1120,3442,4806,4866 9,1.8450980400142567:120,1664,1875,2097,2137,2339,2503
fine 1 246400,1.4771212547196624:346,1544,1569
finish 1 246391,1.0:4775
first 1 246391,1.8450980400142567:288,1163,1227,2203,2391,3222,4840
fit 1 246391,1.3010299956639813:663,3665
follow 2 246391,1.6020599913279623:609,826,2645,2877 9,1.6989700043360187:164,402,862,1170,1286
fong 1 246391,1.0:56
foot 1 246391,1.0:564
for 2 246391,2.8129133566428552:51,63,191,387,402,482,1028,1206,1306,1321,1476,1487,1498,1758,1813,2028,2117,2131,2146,2154,2163,2185,2311,2394,2410,2426,2565,2589,2640,2653,2661,2718,2732,2791,2870,2926,3090,3111,3163,3209,3212,3219,3355,3459,3514,3576,3596,3647,3813,3889,4007,4135,4158,4176,4209,4211,4285,4542,4599,4608,4730,4767,4799,4868,4991 9,2.0:45,56,330,392,700,790,1160,1175,1189,2043
forc 1 246391,1.0:4699
forg 1 246391,2.113943352306837:1969,2110,2213,2357,2596,2684,3242,3333,3388,3394,3401,3457,3779
forgeri 1 246391,1.4771212547196624:2567,3474,4385
form 1 246391,2.278753600952829:2116,2130,2162,2181,2409,2475,2527,3171,3385,3454,3513,3523,3545,3556,3584,3710,3753,3812,3820
formal 1 246400,1.0:1646
former 1 246391,1.0:2730
forthwith 1 246391,1.0:647
fortun 1 246391,1.0:1574
forum 1 246391,1.3010299956639813:1731,4581
foster 1 246400,1.4771212547196624:451,721,742
found 2 246391,1.6020599913279623:633,1034,3479,4293 9,1.4771212547196624:795,846,2344
four 2 246391,1.0:2878 9,1.3010299956639813:355,730
frame 1 246400,1.0:1411
fraudul 1 246391,1.0:2683
from 2 246391,2.2041199826559246:316,1133,1181,1347,1455,1560,1584,1989,2271,2274,2863,2957,4224,4551,4626,4651 9,1.9030899869919433:1119,1395,1526,2118,2173,2204,2219,2278
fund 1 246391,1.4771212547196624:3880,3919,3951
fundament 1 246391,1.6020599913279623:957,1792,4679,4797
furnish 1 246391,1.0:3157
further 2 246391,1.3010299956639813:3611,3853 9,1.0:1853
ganesh 1 246400,1.0:39
ganesha 1 246400,1.0:41
gave 2 246391,1.3010299956639813:2374,3652 9,1.0:836
get 1 246391,1.0:3067
gift 1 246391,1.3010299956639813:4114,4453
give 2 246391,1.0:206 9,1.3010299956639813:384,890
given 2 246391,1.3010299956639813:2435,3228 9,1.0:1705
gj 1 246391,1.0:1847
goh 1 246400,1.4771212547196624:583,587,607
golden 1 246391,1.6020599913279623:1892,1898,3033,3052
good 1 246400,1.6989700043360187:78,85,91,125,1419
groceri 1 246400,1.3010299956639813:217,516
ground 1 246391,1.6020599913279623:2854,3218,3287,3601
guin 1 246400,1.0:568
ha 2 246391,2.0:442,499,509,1084,1492,1502,1719,1789,3366,3439 9,1.0:2511
had 2 246391,2.5314789170422554:568,1967,2109,2126,2166,2172,2211,2261,2278,2320,2330,2799,2810,3227,3240,3249,3266,3292,3386,3393,3399,3536,3605,3715,3797,3879,4169,4174,4362,4372,4493,4774,4784,4812 9,1.9542425094393248:1447,1473,1695,1703,1749,1760,1810,1944,1978
half-hourli 1 246400,1.0:486
hand 2 246391,1.4771212547196624:2783,4564,4692 9,1.3010299956639813:902,1060
handicap 1 246391,1.0:1625
handwrit 1 246391,1.0:2550
happen 1 246400,1.0:601
harri 1 246391,1.0:58
have 2 246391,2.414973347970818:327,628,1000,1008,1172,1430,1459,1512,2754,3413,3945,3996,4005,4165,4218,4268,4371,4507,4540,4760,4794,4803,4826,4844,4902,4972 9,1.4771212547196624:260,1993,2565
haw 1 246400,1.0:2420
he 2 246391,2.591064607026499:351,355,1129,1141,1243,1472,1491,1531,1569,2122,2125,2158,2288,2365,2373,2402,2430,2449,2480,2519,2552,2682,2735,2761,2894,2906,2940,2951,2965,2978,3084,3122,3141,3179,3651,3686,3701,4036,4528 9,2.1461280356782377:538,556,578,806,810,824,843,888,945,1454,1620,1844,2463,2500
hear 1 246391,1.6989700043360187:381,3642,3684,3905,4191
heard 1 246400,1.0:369
hearsay 1 246391,1.0:2856
heavi 1 246391,1.0:2535
held 1 246391,1.6989700043360187:234,570,588,809,2991
her 2 246391,2.505149978319906:1965,2007,2013,2022,2029,2039,2111,2179,2215,2220,2243,2246,2252,2618,2624,2627,2636,2641,2816,3160,3183,3258,3305,3320,3420,3425,3543,3801,3818,3828,3836,4181 9,2.505149978319906:363,370,598,660,808,814,860,891,1201,1205,1233,1236,1249,1276,1279,1284,1336,1398,1407,1412,1439,1458,1492,1500,1536,1553,1562,1590,1595,1624,2119,2174
hi 2 246391,2.380211241711606:291,358,908,1115,1152,1317,1494,1521,1641,1935,2706,2871,2985,3015,3063,3138,3688,3959,4041,4215,4225,4421,4504,4670 9,1.3010299956639813:320,2520
high 2 246391,1.4771212547196624:28,995,1777 9,1.0:24
highlight 1 246391,1.3010299956639813:1216,4572
him 2 246391,1.8450980400142567:1144,1610,2174,2888,3151,3158,3538 9,1.6989700043360187:837,863,940,1287,1450
himself 2 246391,1.4771212547196624:2692,3275,4021 9,1.0:2280
hing 1 246391,1.0:3495
hire-purchas 1 246391,1.0:2280
ho 1 246391,1.3010299956639813:2,70
hold 1 246391,1.6989700043360187:1143,1313,1436,1469,2025
holder 1 246391,1.3010299956639813:2899,4345
hoon 1 246400,1.0:1134
hors 1 246391,1.6020599913279623:1893,1899,3034,3053
hospit 1 246391,1.0:3176
hour 1 246400,1.0:1513
hourli 1 246400,1.0:488
how 2 246391,1.4771212547196624:34,134,3397 9,1.3010299956639813:30,150
howev 2 246391,1.7781512503836434:507,1210,2558,2843,3506,4555 9,1.0:2232
husband 1 246391,1.6989700043360187:1917,2247,2642,2663,4108
husband-wif 1 246391,1.0:2677
i 2 246391,2.1461280356782377:200,479,554,744,845,1171,1767,1809,2648,3463,3478,3900,4306,4957 9,1.6989700043360187:368,377,382,2064,2226
ident 1 246391,1.0:3161
identifi 1 246400,1.0:539
if 2 246391,2.0791812460476247:680,1246,1490,3382,3662,4359,4490,4514,4771,4809,4861,4993 9,1.6989700043360187:1545,1570,2462,2480,2516
ignor 1 246391,1.0:4804
ii 1 246391,1.0:888
iii 1 246391,1.0:918
ill 1 246391,1.3010299956639813:2483,2510
imit 1 246391,1.0:2546
immedi 1 246391,1.4771212547196624:1280,2910,4769
imprison 1 246400,1.4771212547196624:329,358,1541
in 2 246391,3.008600171761917:102,142,148,219,259,298,357,449,466,495,515,583,864,910,1012,1023,1035,1051,1096,1217,1255,1275,1329,1367,1446,1462,1550,1565,1617,1645,1651,1697,1704,1732,1743,1769,1806,1821,1976,2006,2102,2230,2302,2368,2389,2422,2582,2643,2657,2749,2756,2765,2832,2908,2954,2959,2992,3037,3043,3054,3075,3080,3115,3152,3175,3257,3294,3316,3329,3341,3346,3375,3445,3483,3561,3567,3697,3766,3846,3958,4075,4140,4221,4256,4294,4321,4334,4352,4379,4387,4408,4446,4483,4590,4615,4708,4718,4913,4962,5009,5017,5027 9,2.7781512503836434:79,86,92,119,126,158,206,247,300,311,316,460,514,542,566,627,637,691,763,996,1026,1092,1141,1317,1350,1368,1382,1406,1515,1648,1731,1738,1783,1826,1858,1883,1925,2001,2014,2027,2033,2049,2073,2081,2110,2142,2182,2194,2268,2300,2308,2310,2327,2348,2372,2419,2475,2502,2539,2550
inabl 1 246391,1.3010299956639813:1413,1428
inadequaci 1 246391,1.0:4574
inappropri 1 246391,1.0:4733
incid 1 246400,1.0:1601
inconsist 1 246391,1.3010299956639813:89,3765
incred 1 246400,1.0:2458
inde 1 246391,1.4771212547196624:1186,3456,4011
index 1 246391,1.0:3914
indian 1 246391,1.4771212547196624:1037,1058,4936
induc 1 246400,1.3010299956639813:1673,1716
inexpens 1 246391,1.0:856
inform 2 246391,1.8450980400142567:2173,2316,3537,3805,4170,4273,4743 9,1.4771212547196624:768,807,939
inher 1 246400,1.0:2457
initi 2 246391,1.4771212547196624:2763,3502,3882 9,1.0:870
inquiri 1 246391,2.414973347970818:87,95,141,157,232,446,522,567,587,808,835,850,893,935,1517,1670,1820,1827,2064,2088,3191,4278,4578,4592,4780,4820
insid 1 246400,1.3010299956639813:449,849
insofar 1 246391,1.0:789
inspect 1 246391,1.0:4290
instanc 1 246391,1.0:1488
instruct 2 246391,1.3010299956639813:2764,3838 9,1.0:466
instrument 1 246391,1.0:1972
insuffici 1 246391,1.3010299956639813:3229,3247
intend 1 246391,1.4771212547196624:852,4069,4109
intent 1 246391,1.4771212547196624:2817,4059,4153
interchang 1 246400,1.3010299956639813:801,1272
interest 1 246391,1.0:4838
interv 1 246400,1.0:489
interview 1 246400,1.0:1514
into 1 246400,1.6020599913279623:482,616,659,1258
investig 2 246391,2.0791812460476247:153,323,437,868,1351,1687,1983,2051,2091,2400,3436,4642 9,1.0:1073
involv 1 246391,1.4771212547196624:226,415,552
irrelev 1 246391,1.0:3380
is 2 246391,2.672097857935717:420,428,489,535,607,716,748,769,851,894,922,955,981,1020,1078,1107,1117,1123,1138,1168,1179,1345,1382,1385,1399,1406,1545,1581,1623,1673,1728,1760,1784,2670,2673,2897,3912,4054,4631,4649,4686,4732,4873,4884,4930,4987,4997 9,1.7781512503836434:2237,2397,2415,2452,2490,2499
issu 2 246391,1.7781512503836434:1737,3339,3774,4585,4602,4725 9,1.0:1730
it 2 246391,2.3979400086720375:661,677,970,980,1149,1176,1178,1278,1381,1692,1702,1801,2343,3091,3403,3540,3680,3913,4239,4303,4317,4515,4548,4648,4792 9,1.4771212547196624:692,2036,2396
ital 1 246391,1.0:1218
item 2 246391,1.4771212547196624:862,1681,4635 9,1.0:1334
itself 1 246391,1.0:1190
iv 1 246391,1.0:950
j 1 246391,1.3010299956639813:1070,1392
januari 2 246391,1.0:2303 9,1.6020599913279623:185,409,500,1179
jean 1 246391,2.0:1938,1944,2928,2934,2996,3040,3087,3119,3127,3877
jee 1 246391,1.0:3006
jeffrey 1 246391,1.0:2282
judg 2 246391,1.4771212547196624:175,344,377 9,1.0:2447
judgment 2 246391,1.4771212547196624:130,1642,4568 9,1.3010299956639813:146,2329
juli 1 246391,1.0:2962
jumato 1 246400,1.6989700043360187:1079,1083,1829,2004,2264
june 1 246391,1.3010299956639813:3645,3677
jupit 1 246391,1.3010299956639813:2727,3791
jurisdict 1 246391,1.4771212547196624:972,3450,4314
justic 1 246391,1.6989700043360187:106,964,1799,4339,4704
justifi 2 246391,1.0:1664 9,1.0:2501
kau 1 246391,1.4771212547196624:2096,3530,3808
keep 1 246400,1.0:469
keok 1 246400,1.0:585
key 1 246391,1.0:4891
khalawan 1 246391,1.0:4945
khim 1 246391,1.0:1875
knowledg 1 246391,1.3010299956639813:2216,2264
kok 2 246391,1.0:3007 9,1.0:1066
kong 1 246391,1.3010299956639813:2728,3792
lack 2 246391,1.3010299956639813:1628,4282 9,1.0:2491
lacuna 1 246391,1.0:3560
laid 1 246391,1.0:3892
lastli 1 246391,1.0:3278
late 1 246391,1.0:3153
later 2 246391,1.3010299956639813:296,2382 9,1.0:804
law 2 246391,1.6989700043360187:582,1333,1741,4588,4655 9,1.3010299956639813:68,2399
lay 1 246400,1.4771212547196624:1,62,169
lead 1 246391,1.0:1425
leas 1 246391,1.0:1493
leav 2 246391,1.0:3655 9,1.3010299956639813:676,783
led 1 246391,1.3010299956639813:3755,4146
lee 2 246391,1.9030899869919433:6,74,1920,2664,2668,2738,2740,3005 9,1.6989700043360187:503,507,559,1432,1442
left 1 246400,1.4771212547196624:715,1188,1264
legal 1 246391,1.6020599913279623:2902,4018,4348,4525
let 1 246400,1.0:1561
letter 1 246391,1.6020599913279623:2434,2472,2530,3174
liabl 1 246400,1.0:343
licenc 1 246391,1.0:3100
license 1 246391,1.0:1334
lim 1 246391,1.3010299956639813:2283,2827
limit 1 246391,1.3010299956639813:1118,4509
lingam 1 246400,1.4771212547196624:912,914,989
lj 1 246391,1.3010299956639813:1048,4954
loan 1 246391,1.0:1316
local 1 246391,1.3010299956639813:718,1183
lodg 1 246391,1.0:1959
log-book 1 246391,1.0:3908
long 1 246400,1.0:1117
longer 1 246391,1.4771212547196624:1683,2675,4637
look 2 246391,1.3010299956639813:1533,3464 9,1.0:789
loophol 1 246391,1.0:3573
ltd 1 246391,1.8450980400142567:703,877,1709,1896,1942,2301,2932
lunch 1 246391,1.0:3184
ma 1 246400,1.0:14
made 2 246391,2.0:197,930,2229,2393,2504,3299,3358,3593,4428,4974 9,1.9030899869919433:1455,1495,1628,1652,1667,1873,2393,2513
magistr 2 246391,2.462397997898956:98,362,651,725,989,1077,1102,1194,1230,1294,1398,1511,1589,1622,1715,3194,3226,3291,3604,3615,3639,4329,4463,4492,4664,4695,4801,4847,4905 9,1.9542425094393248:117,160,1661,1676,1689,1872,2094,2134,2332
magnum 1 246391,1.6020599913279623:467,706,737,1770
main 1 246391,1.3010299956639813:2601,3217
make 1 246391,1.4771212547196624:657,1197,2654
maker 1 246391,1.4771212547196624:2453,2465,3734
malaysian 1 246391,1.0:4879
manag 1 246400,1.9030899869919433:252,886,919,934,970,1940,2123,2379
mani 1 246391,1.0:1447
manner 1 246391,1.3010299956639813:859,4716
march 1 246391,1.0:1955
marri 1 246391,1.0:2952
marriag 1 246391,1.0:2986
master 1 246400,1.6020599913279623:82,95,321,2558
materi 1 246400,1.4771212547196624:122,1428,2338
matter 2 246391,1.0:1269 9,1.0:943
may 2 246391,2.041392685158225:968,1195,1473,1570,1662,3694,4061,4164,4217,4267,4304 9,1.3010299956639813:334,1634
me 1 246391,1.0:3352
mean 1 246391,1.0:456
meanwhil 1 246391,1.0:1996
melvil 1 246391,1.0:2702
menstrual 1 246400,1.0:1527
mention 1 246391,1.4771212547196624:407,745,4959
mere 1 246391,1.6989700043360187:1412,4055,4468,4537,4632
method 1 246391,1.0:1678
might 1 246400,1.3010299956639813:878,889
mind 1 246391,1.0:1807
minut 1 246400,1.0:803
misplac 1 246391,1.0:4226
miss 2 246391,1.0:4186 9,1.6020599913279623:750,757,775,833
mistak 1 246400,1.0:1456
mlj 2 246391,1.3010299956639813:946,4895 9,1.0:2429
mohd 1 246400,1.0:949
month 1 246391,1.0:2044
moon 1 246400,1.0:229
moot 1 246391,1.0:5016
more 2 246391,1.0:3925 9,1.0:2054
moreov 1 246391,1.0:3823
morn 1 246400,1.0:406
mortgag 1 246391,1.4771212547196624:2294,2438,3708
most 1 246391,1.3010299956639813:2845,3337
mother 1 246391,1.6989700043360187:2030,2628,2707,3016,3064
move 1 246400,1.0:571
much 1 246391,1.0:3359
muscl 1 246391,1.0:2513
must 2 246391,1.6989700043360187:1142,1295,1532,1643,4696 9,1.0:2448
mute 1 246400,1.0:512
my 2 246391,2.113943352306837:207,1507,2651,2659,2662,2685,2689,2696,2709,3324,3376,4312,4567 9,1.3010299956639813:385,2328
name 2 246391,1.6020599913279623:37,2825,2994,3079 9,1.4771212547196624:33,1431,2248
nanci 1 246400,1.6020599913279623:412,464,1436,1477
natur 1 246391,1.0:4274
necessari 1 246391,1.0:4400
need 1 246400,1.0:811
never 1 246400,1.0:1348
nevertheless 1 246391,1.4771212547196624:773,3428,3620
new 1 246400,1.0:228
nissan 1 246391,2.041392685158225:1838,1868,1910,2165,2313,3072,3522,3554,3722,3751,3815
no 2 246391,2.447158031342219:217,430,444,501,504,542,923,1006,1085,1173,1354,1682,1720,2262,2587,2655,2674,3364,3441,3606,3743,4143,4261,4596,4623,4636,4994,5023 9,1.4771212547196624:175,2365,2506
none 1 246391,1.3010299956639813:2498,3981
nor 1 246391,1.0:353
not 2 246391,2.518513939877887:346,406,684,895,1079,1196,1290,1377,1421,1424,1474,1503,1519,1571,1582,1761,2056,2167,2459,2885,3096,3928,4038,4131,4308,4319,4363,4478,4531,4560,4748,4813,4988 9,2.3010299956639813:854,1005,1242,1417,1504,1548,1581,1709,1794,1815,1897,1949,2084,2159,2176,2284,2322,2392,2456,2564
note 1 246391,1.3010299956639813:318,1695
noth 1 246391,1.3010299956639813:1095,2858
notwithstand 1 246391,1.0:4520
now 2 246391,1.3010299956639813:205,2941 9,1.0:383
nric 1 246400,1.0:174
nt 1 246400,1.0:911
ntuc 1 246400,2.380211241711606:191,422,425,440,519,593,921,936,961,1003,1396,1744,1753,1792,1813,1895,1932,1942,1947,2149,2282,2325,2360,2381
number 2 246391,1.6020599913279623:15,1833,1846,1859 9,1.0:12
object 1 246391,1.3010299956639813:1667,3592
observ 1 246391,1.0:1395
obtain 1 246391,1.3010299956639813:3718,4660
obviou 1 246391,1.0:4550
occas 2 246391,1.6020599913279623:511,959,1794,4270 9,1.0:1452
octob 1 246391,1.3010299956639813:24,3131
of 2 246391,3.1931245983544616:83,105,109,144,151,169,194,239,255,268,283,290,302,308,319,338,369,382,393,410,423,457,460,527,548,575,585,596,604,617,639,642,667,676,693,723,733,762,766,776,785,797,817,840,860,867,925,963,987,1014,1039,1056,1111,1165,1238,1258,1270,1339,1356,1372,1404,1458,1514,1537,1604,1629,1632,1668,1679,1738,1782,1798,1973,1979,1992,2038,2049,2140,2200,2265,2370,2397,2454,2466,2494,2499,2521,2542,2603,2767,2771,2773,2834,2846,2855,2859,2900,2915,2995,3118,3126,3137,3189,3271,3319,3331,3360,3391,3433,3443,3448,3550,3630,3720,3735,3775,3827,3860,3870,3884,3909,3915,3920,3935,3970,3982,3985,4015,4051,4058,4073,4098,4154,4183,4198,4248,4264,4275,4283,4291,4338,4346,4375,4382,4396,4448,4497,4575,4586,4700,4742,4916,4924,4964,4976,5004 9,2.8808135922807914:77,81,94,121,130,209,223,226,243,250,269,280,303,313,319,407,421,439,447,518,527,532,548,592,614,633,704,729,759,830,839,920,935,960,981,1013,1044,1102,1151,1304,1332,1341,1423,1481,1585,1670,1728,1761,1802,1822,1840,1868,1876,1881,1898,1915,1927,1941,2067,2124,2197,2215,2228,2254,2263,2291,2297,2319,2340,2375,2380,2409,2440,2486,2535,2553
off 1 246400,1.0:1563
offenc 2 246391,1.3010299956639813:644,2891 9,1.6020599913279623:70,264,2478,2537
offer 1 246400,1.0:1559
offic 2 246391,1.8450980400142567:324,616,2092,2270,2361,3660,3669 9,1.9030899869919433:438,462,484,899,973,1074,1228,1291
old 1 246391,1.0:3068
omiss 1 246391,1.6989700043360187:2637,3549,4042,4163,4216
on 2 246391,2.6127838567197355:227,286,348,562,720,779,1213,1722,1953,1970,1998,2026,2113,2150,2406,2469,2477,2609,2780,2805,2852,2875,3129,3252,3419,3487,3496,3528,3552,3599,3622,3675,3705,3749,3772,3894,3949,4228,4689,4727,4855 9,2.1760912590556813:162,183,372,404,472,498,1106,1125,1177,1418,1451,1632,1996,2202,2211
onc 1 246391,1.0:1128
one 2 246391,1.6020599913279623:1409,1872,1919,3004 9,1.4771212547196624:838,1331,1480
ong 1 246391,1.3010299956639813:2786,3834
onli 2 246391,1.8450980400142567:523,758,1785,3508,3841,3974,4512 9,1.6989700043360187:1354,1756,1960,1974,2497
onu 1 246391,1.0:4374
open 1 246391,1.3010299956639813:111,4828
opinion 2 246391,1.3010299956639813:2523,3377 9,1.0:2069
or 2 246391,2.1760912590556813:252,373,447,623,625,632,678,869,1358,1688,3396,4289,4452,4643,4910 9,1.7781512503836434:294,297,306,322,487,1717
order 1 246391,2.1760912590556813:176,196,659,929,2256,3195,3609,4388,4466,4482,4494,4505,4923,4969,5001
orderli 1 246391,1.0:4617
other 2 246391,1.7781512503836434:1463,1566,1929,2782,3303,4691 9,1.0:2240
ought 1 246391,1.6989700043360187:1591,1750,2752,4658,4758
out 2 246391,1.6989700043360187:1011,1221,3181,3902,4606 9,1.7781512503836434:787,980,1303,2394,2418,2514
outstand 1 246391,1.0:2309
over 1 246400,1.6989700043360187:581,903,1061,1466,1479
owe 1 246391,1.3010299956639813:2569,3590
own 1 246391,1.8450980400142567:1870,1890,1905,2942,3002,3013,4422
owner 1 246391,1.6020599913279623:903,1110,3994,4789
ownership 1 246391,1.3010299956639813:2772,3986
p 2 246391,1.0:1073 9,1.3010299956639813:948,951
p2 1 246400,2.2041199826559246:629,1769,1833,1859,1884,1986,2015,2028,2050,2060,2074,2143,2251,2269,2311,2349
p2-p4 1 246400,1.0:1094
p3 1 246400,2.2041199826559246:544,764,997,1771,1784,1886,1988,2017,2052,2062,2076,2145,2253,2271,2313,2351
page 1 246391,1.0:289
paid 1 246391,1.4771212547196624:2925,3089,4175
pain 1 246400,1.0:1528
palaniappan 1 246391,1.0:42
para 1 246391,1.4771212547196624:2631,2750,3825
paragraph 1 246391,1.3010299956639813:978,4237
park 1 246391,1.0:2703
part 1 246391,1.4771212547196624:1164,2872,4222
parti 2 246391,2.1461280356782377:66,225,1106,1366,1434,1468,1482,1543,1597,1748,4068,4156,4657,4707 9,1.0:59
particularli 1 246391,1.0:2227
partner 2 246391,1.3010299956639813:49,61 9,1.0:43
pass 1 246391,1.0:3423
pawnshop 1 246391,1.4771212547196624:701,875,1707
payment 1 246391,1.3010299956639813:2326,4437
peculiar 1 246391,1.0:544
peh 1 246391,1.0:4889
penal 1 246400,1.6020599913279623:99,140,271,282
pend 1 246391,1.4771212547196624:4640,4885,4983
peopl 1 246400,1.0:780
perimet 1 246391,1.0:986
period 1 246391,1.0:1500
person 1 246391,1.9030899869919433:672,682,1122,1132,1274,2462,2487,2507
persuad 1 246391,1.4771212547196624:4309,4845,4903
pertin 1 246391,1.0:4601
perus 1 246391,1.0:4407
petit 1 246391,1.9542425094393248:190,203,384,561,1757,1812,3208,3343,4729
petition 1 246391,2.414973347970818:53,113,161,187,264,404,1030,1208,2034,2075,2187,2820,3214,3492,3563,3578,3654,4137,4160,4369,4476,4544,4757,4783,4831,4870
ph 1 246391,1.0:4032
philip 1 246391,1.0:55
photograph 1 246400,1.8450980400142567:547,632,1086,1768,1985,2008,2250
pick-up 1 246391,1.9542425094393248:1842,1851,1885,2133,2414,2973,2989,3019,3516
pink 1 246400,1.7781512503836434:1379,1889,1968,2057,2085,2354
place 2 246391,1.0:3251 9,1.3010299956639813:563,1230
plain 1 246391,1.3010299956639813:1559,4650
plainli 1 246391,1.0:4530
plant 1 246400,1.0:1403
plastic 1 246400,1.3010299956639813:661,682
plural 1 246391,1.0:2758
point 1 246391,1.6989700043360187:214,3489,3901,4002,4129
polic 2 246391,2.230448921378274:152,436,615,1286,1350,1686,1961,1982,2054,2100,2376,2399,2883,3786,4361,4641,4746 9,1.7781512503836434:966,1517,1630,1655,2007,2108
poor 2 246391,1.0:2249 9,1.0:1444
portion 1 246391,1.0:1215
possess 2 246391,2.518513939877887:168,675,1019,1126,1135,1150,1153,1248,1260,1277,1330,1368,1388,1441,1453,1485,1548,1556,1594,1615,1991,2909,3097,3117,3719,3934,4008,4353,4511,4534,4538,4661,4685 9,1.9542425094393248:80,89,93,129,249,318,2196,2374,2552
possessor 1 246391,1.0:1234
possibl 1 246391,1.3010299956639813:1378,5014
power 1 246391,1.6989700043360187:543,999,1086,1781,3607
pp 2 246391,1.7781512503836434:471,710,741,941,1774,4887 9,1.0:2424
pre-inquiri 1 246391,1.0:1630
preced 1 246391,1.6989700043360187:719,778,977,1184,4236
precis 1 246391,1.0:1004
prejudic 1 246391,1.0:505
preliminari 1 246391,1.0:213
present 2 246391,1.6020599913279623:1563,4077,4737,5019 9,1.0:1136
presumpt 1 246391,1.3010299956639813:4057,4097
previous 1 246391,1.0:464
principl 1 246391,1.3010299956639813:827,1805
prior 1 246391,2.041392685158225:1281,2250,2263,2710,2911,2983,3966,4188,4354,4776,4816
proce 1 246391,1.0:4912
procedur 2 246391,1.7781512503836434:78,124,242,1060,4284,4598 9,1.0:106
proceed 2 246391,2.113943352306837:84,556,1690,1754,4255,4298,4486,4645,4749,4763,4773,4811,5025 9,1.0:1113
produc 1 246391,1.3010299956639813:863,2098
product 1 246391,1.3010299956639813:692,3869
promis 1 246400,1.0:1718
proof 1 246400,1.0:2366
proper 1 246391,1.4771212547196624:4287,4394,4597
properli 1 246391,1.3010299956639813:4441,4457
properti 2 246391,2.1760912590556813:528,618,669,695,798,1113,1137,1203,1263,1318,1344,1495,2014,2625,2697 9,1.3010299956639813:72,315
proprietor 1 246391,1.0:3125
prosecut 2 246391,1.6020599913279623:431,502,2058,3365 9,2.1461280356782377:394,396,1425,1694,1759,1977,2045,2090,2129,2185,2245,2411,2442,2528
prosecutor 1 246400,1.4771212547196624:5,54,66
protect 1 246391,1.0:4836
protest 1 246400,1.0:2168
prove 2 246391,1.6989700043360187:2190,2352,3472,4383,4390 9,1.0:2188
proven 1 246400,1.0:1696
provid 1 246391,1.3010299956639813:2577,2639
provis 1 246391,1.6020599913279623:116,492,1055,2656
ps2 1 246400,1.0:1725
pte 1 246391,1.8450980400142567:702,876,1708,1895,1941,2300,2931
public 1 246400,1.4771212547196624:4,53,65
pung 2 246391,1.3010299956639813:33,133 9,1.3010299956639813:29,149
punish 1 246400,1.3010299956639813:265,327
purchas 1 246391,1.6989700043360187:2982,3074,3092,3883,3922
pure 1 246391,1.0:793
purpos 1 246391,1.6989700043360187:2396,3113,3165,4546,4628
purshottam 1 246391,1.4771212547196624:1040,1527,4229
pursuant 1 246391,1.7781512503836434:235,571,589,729,810,931
put 1 246400,1.4771212547196624:611,657,1254
quarrel 1 246391,1.0:1174
question 2 246391,1.6989700043360187:229,761,1403,1416,2848 9,1.6020599913279623:1739,1835,1926,2309
quo 1 246391,1.0:4473
rais 1 246391,1.3010299956639813:3215,3340
ram 1 246391,1.0:4944
ramphal 1 246391,1.0:4939
ran 1 246400,1.0:786
ravi 1 246391,1.0:47
re-check 1 246400,1.0:813
read 2 246391,1.0:2800 9,1.0:1582
readi 1 246391,1.3010299956639813:1657,4714
realli 1 246391,1.0:752
reason 2 246391,1.7781512503836434:208,485,1478,2652,3461,3931 9,1.4771212547196624:386,1698,2571
receipt 2 246391,1.4771212547196624:3874,4206,4741 9,1.4771212547196624:699,711,1212
recommend 1 246391,1.0:4989
record 1 246400,1.3010299956639813:1115,1139
red 1 246400,1.3010299956639813:1367,1963
refer 2 246391,1.0:3840 9,1.0:1831
reflect 1 246391,1.0:2815
refus 2 246391,1.3010299956639813:3295,3616 9,1.3010299956639813:871,1621
regard 2 246391,1.0:1431 9,1.0:1979
regardless 1 246391,1.3010299956639813:3390,4975
registr 1 246391,1.4771212547196624:1832,1845,1858
reinforc 1 246400,1.0:2151
relat 1 246391,1.3010299956639813:1443,3282
relationship 2 246391,1.4771212547196624:2244,2678,3306 9,1.3010299956639813:1440,1459
releas 2 246391,1.8450980400142567:2332,2433,2471,2529,3173,3709,4849 9,1.0:1591
relev 1 246391,1.9030899869919433:115,330,398,418,831,1684,4074,4638
reli 2 246391,1.4771212547196624:279,1212,2874 9,1.0:2201
relianc 1 246391,1.0:4227
remain 1 246391,1.3010299956639813:3414,4251
remedi 1 246391,1.0:3571
rememb 1 246400,1.0:1243
repli 1 246400,1.0:825
report 2 246391,2.1461280356782377:648,1962,2101,2372,2383,2392,2425,3234,3499,3504,3690,3699,3783,4404 9,1.4771212547196624:1174,1631,1656
request 1 246391,1.3010299956639813:2384,3580
requir 1 246391,1.0:365
respect 2 246391,2.041392685158225:143,584,664,688,1013,2369,2766,2833,3330,3485,4447 9,1.4771212547196624:312,2335,2484
respond 2 246391,2.633468455579586:65,164,184,278,389,1925,1994,2060,2078,2108,2156,2335,2441,2562,2580,2841,2868,2945,3203,3265,3309,3312,3357,3371,3598,3632,3714,3862,3891,3940,3943,3990,4086,4200,4213,4342,4412,4431,4502,4522,4754,4766,4854 9,1.0:58
respons 1 246391,1.6020599913279623:1522,2564,2717,2790
result 2 246391,1.9030899869919433:101,1639,2541,3432,3955,4052,4333,4450 9,1.3010299956639813:1091,2385
retain 1 246391,1.0:4907
return 2 246391,1.4771212547196624:1266,4470,4859 9,1.6989700043360187:709,1098,1193,1751,1995
rev 1 246391,1.0:18
reveal 1 246391,1.0:2159
revis 1 246391,1.9030899869919433:82,193,1759,1783,1814,3210,3220,4731
revisionari 1 246391,1.3010299956639813:971,4313
right 1 246391,1.7781512503836434:902,909,924,1109,1451,4788
rival 1 246391,1.3010299956639813:530,800
robert 1 246391,1.3010299956639813:2095,3807
role 1 246391,1.0:3315
rosidi 1 246400,1.0:431
rough 1 246391,1.3010299956639813:1655,4712
rout 1 246391,1.0:1764
royal 1 246400,1.4771212547196624:618,688,705
rule 1 246391,1.3010299956639813:1007,1718
s 2 246391,2.7481880270062007:39,237,253,266,281,306,334,367,391,421,458,546,573,591,653,727,731,754,764,780,812,838,991,998,1097,1188,1394,1717,1780,1916,2194,2209,2298,2418,2445,2489,2549,2837,2947,3029,3078,3238,3255,3314,3532,3634,3727,3769,3864,4088,4202,4331,4433,4465,4524,4666 9,2.342422680822206:35,97,138,267,398,458,535,972,1166,1325,1427,1485,1663,1776,2096,2104,2136,2208,2223,2413,2444,2557
s/o 1 246400,1.0:950
s/s/sgt 1 246391,1.4771212547196624:2094,3529,3806
saad 1 246400,1.0:1081
said 2 246391,1.6020599913279623:1768,2341,2979,4326 9,1.3010299956639813:876,1531
same 1 246391,1.6989700043360187:300,484,2224,2461,4724
samta 1 246391,1.0:4951
satisfi 1 246400,1.0:1691
saunder 1 246391,1.0:4024
saw 1 246400,1.6989700043360187:521,557,560,608,992
say 1 246400,1.0:855
sbu 1 246391,1.0:1834
scant 1 246391,1.0:717
scientif 1 246391,1.0:2141
scold 1 246400,1.0:1449
scotch 1 246400,1.0:647
seal 1 246400,1.3010299956639813:643,651
second 2 246391,1.6020599913279623:2424,2600,3286,3689 9,1.0:1654
secondli 1 246391,1.4771212547196624:1241,2218,3244
section 2 246391,2.041392685158225:275,314,331,350,399,409,419,540,599,621,1065 9,1.0:278
secur 1 246400,1.4771212547196624:437,918,958
see 2 246391,1.3010299956639813:4023,4116 9,1.0:1623
seem 1 246391,1.3010299956639813:216,804
seiz 2 246391,1.6989700043360187:147,1139,1346,1988,4364 9,1.4771212547196624:1052,2117,2172
seizur 1 246391,1.7781512503836434:612,1239,1283,1373,2914,4357
sell 1 246400,1.6989700043360187:1006,1795,1816,1950,2285
sens 1 246391,1.0:1647
sent 1 246391,1.4771212547196624:2127,2169,3586
sentenc 2 246391,1.0:80 9,1.4771212547196624:108,353,366
separ 1 246391,1.0:912
sergeant 1 246400,1.0:1063
seriou 1 246391,1.0:3559
servant 1 246400,1.6020599913279623:87,211,295,307
servic 1 246391,1.0:2142
set 2 246391,1.6020599913279623:301,1010,1220,4605 9,1.0:2417
settl 2 246391,1.3010299956639813:2322,2348 9,1.0:2398
seven 1 246400,1.0:1538
sever 2 246391,1.6020599913279623:1624,3484,4822,4935 9,1.3010299956639813:1612,1668
sghc 2 246391,1.0:12 9,1.0:9
sgt 1 246400,1.8450980400142567:1068,1076,1096,1111,1533,1557,1610
shall 2 246391,1.3010299956639813:645,656 9,1.3010299956639813:325,340
shark 1 246400,1.0:533
she 2 246391,1.9030899869919433:2010,2337,2634,2798,3167,3782,3804,4173 9,2.5314789170422554:360,674,678,739,766,818,835,869,877,1187,1192,1199,1219,1240,1252,1263,1446,1472,1502,1522,1530,1546,1571,1576,1579,1593,1603,1606,1617,1626,1644,1651,2112,2343
should 2 246391,1.8450980400142567:906,1231,1244,1264,1693,4865,4958 9,1.0:2563
show 2 246391,1.3010299956639813:2258,4105 9,1.0:696
shown 2 246391,1.0:4518 9,1.4771212547196624:762,995,1782
shutter 1 246400,1.0:1469
side 1 246391,1.3010299956639813:3857,4149
sign 2 246391,1.0:3168 9,1.6020599913279623:596,1549,1572,1618
signatur 1 246391,2.361727836017593:1966,2112,2147,2210,2355,2405,2420,2447,2457,2468,2490,2501,2531,2576,2593,2597,2686,3239,3334,3704,3729,3737,3748
signific 1 246391,1.0:3338
sim 1 246391,2.5440680443502757:0,68,1873,1877,1907,1914,1958,2003,2104,2171,2207,2260,2291,2416,2443,2621,2733,2804,2809,2835,2953,3027,3076,3094,3144,3236,3253,3301,3416,3535,3725,3767,3963,4083,4168
similar 2 246391,1.0:1062 9,1.8450980400142567:1015,1313,1344,1357,1861,1901,2030
similarli 1 246391,1.0:536
simpl 1 246391,1.0:1223
simplist 1 246391,1.0:1301
sinc 1 246391,1.0:2681
singapor 2 246391,1.0:2704 9,1.0:202
singh 1 246400,1.0:50
singl 1 246400,1.0:2213
singular 1 246391,1.0:3848
siok 1 246400,1.0:1133
siong 1 246400,1.0:505
sister 1 246400,1.0:1596
situat 1 246391,1.4771212547196624:1015,2019,4562
slr 2 246391,1.3010299956639813:476,884 9,1.0:2434
so 1 246391,1.0:1573
social 1 246391,1.0:2823
sofjan 1 246391,1.0:937
sold 1 246400,2.0:132,1349,1386,1742,1893,1930,1961,2147,2323,2358
solicitor 1 246391,1.3010299956639813:2714,2731
some 2 246391,1.6020599913279623:775,1551,3764,4263 9,1.6989700043360187:445,1194,1315,1422,2453
someon 2 246391,1.0:2543 9,1.0:1402
sometim 2 246391,1.3010299956639813:2958,3036 9,1.3010299956639813:735,1184
somewhat 1 246391,1.4771212547196624:712,1653,4710
son 1 246391,1.0:2669
soon 1 246391,1.6020599913279623:8,76,1922,2666
sought 1 246391,1.0:2188
sound 1 246391,1.0:2517
speak 1 246400,1.0:882
specif 1 246391,1.0:3837
specimen 2 246391,1.6989700043360187:2419,2446,2456,2575,3728 9,1.4771212547196624:1316,1360,1373
ss 1 246391,1.0:119
stacey 1 246391,1.3010299956639813:2785,3833
stage 1 246400,1.0:2163
state 2 246391,1.7781512503836434:480,1043,1071,2481,2742,4232 9,1.0:288
statement 2 246391,1.4771212547196624:2221,3256,3298 9,2.0:1118,1143,1493,1551,1574,1587,1702,1721,2105,2209
station 1 246400,1.3010299956639813:1036,1518
statu 1 246391,1.0:4472
steal 1 246400,1.0:1391
stiff 1 246391,1.0:2533
still 1 246391,1.4771212547196624:1590,2516,4825
stolen 2 246391,1.0:630 9,1.3010299956639813:1764,1982
stop 1 246400,1.0:1275
store 1 246400,1.0:867
storehand 1 246400,1.3010299956639813:513,1486
strand 1 246400,1.0:2214
stub 1 246391,1.3010299956639813:3872,4204
subject 1 246391,1.0:4920
submiss 1 246391,1.6989700043360187:261,293,303,3283,3649
submit 1 246400,1.3010299956639813:2091,2131
subpoena 1 246391,1.0:3657
subsequ 2 246391,1.0:4484 9,1.3010299956639813:1059,1220
substanc 1 246391,1.0:2860
such 2 246391,2.041392685158225:658,891,1247,1299,1579,1618,1744,3950,4093,4591,4719 9,1.3010299956639813:2235,2481
suffer 1 246400,1.0:1524
suffic 1 246391,1.0:4541
suggest 1 246391,1.0:4876
suit 1 246391,1.4771212547196624:914,4980,4996
sundararaj 1 246391,1.0:43
supermarket 1 246400,1.4771212547196624:1352,2126,2180
supervisor 1 246400,1.6020599913279623:218,416,591,959
support 1 246400,1.0:2099
suppos 1 246391,1.0:1304
surpris 1 246391,1.0:2339
surprisingli 1 246391,1.0:713
suspect 1 246391,1.0:626
suspicion 1 246391,1.0:638
swee 1 246400,1.0:504
t 1 246391,1.0:2346
tabl 1 246400,1.6020599913279623:459,576,1234,1250
take 1 246400,1.0:524
taken 2 246391,1.4771212547196624:619,4132,4675 9,1.3010299956639813:979,1302
tan 1 246400,2.1461280356782377:0,61,168,254,926,930,991,999,1132,1806,1937,2198,2279,2376
tape 1 246400,1.0:648
tau 1 246400,1.0:2422
tee 1 246400,1.6989700043360187:413,465,718,1437,1478
telephon 1 246391,1.3010299956639813:2292,2807
ten 1 246400,1.6989700043360187:224,525,802,1042,1100
tender 2 246391,1.3010299956639813:3687,3716 9,1.0:2242
term 2 246391,1.0:2646 9,1.3010299956639813:332,1420
termin 1 246391,1.0:2509
test 2 246391,1.6020599913279623:1225,1529,1735,4442 9,1.0:2402
testifi 2 246391,1.8450980400142567:2123,2289,2366,2450,2796,2831,3142 9,1.7781512503836434:1295,1577,1604,1811,1945,2010
tex 1 246391,2.0:1939,1945,2929,2935,2997,3041,3088,3120,3128,3878
thai 1 246391,1.4771212547196624:699,873,1705
than 1 246400,1.0:2056
that 2 246391,2.886490725172482:177,487,565,681,983,1192,1292,1309,1380,1396,1713,1808,1964,2106,2124,2160,2175,2176,2206,2242,2259,2290,2317,2353,2451,2482,2497,2524,2560,2573,2650,2671,2743,2797,2812,2881,2893,2905,2920,2950,3086,3143,3196,3224,3235,3246,3263,3289,3363,3406,3451,3539,3581,3602,3685,3732,3793,3809,3876,3953,3962,3988,4048,4066,4082,4106,4172,4180,4242,4301,4327,4391,4519,4557,4744,4805,4960 9,2.724275869600789:124,180,442,666,732,746,770,809,826,1002,1138,1239,1296,1300,1328,1339,1401,1491,1532,1556,1578,1605,1692,1700,1779,1791,1812,1846,1855,1878,1946,2011,2024,2046,2070,2092,2114,2132,2138,2155,2169,2189,2234,2265,2281,2305,2345,2367,2400,2416,2504,2540,2545
the 2 246391,3.6304278750250236:52,64,149,156,160,163,170,173,178,183,186,192,195,202,220,224,228,231,240,249,256,263,269,273,277,284,287,299,309,312,317,322,329,339,342,370,380,383,388,394,397,403,411,413,424,435,455,461,483,490,513,516,521,525,549,560,563,566,576,581,597,605,611,640,665,668,671,689,694,721,734,760,767,777,786,795,818,825,841,865,901,966,976,985,994,1029,1032,1036,1057,1064,1108,1112,1131,1136,1166,1182,1193,1207,1214,1229,1233,1236,1256,1262,1273,1285,1337,1340,1343,1365,1370,1397,1411,1433,1450,1456,1481,1525,1535,1542,1561,1585,1588,1596,1605,1621,1627,1666,1714,1729,1762,1776,1811,1818,1822,1837,1850,1863,1867,1880,1884,1887,1909,1924,1928,1971,1977,1980,1985,1990,1993,2032,2036,2047,2053,2059,2069,2074,2077,2082,2086,2090,2099,2107,2114,2128,2132,2135,2138,2155,2161,2164,2186,2191,2223,2266,2272,2276,2308,2312,2318,2328,2334,2354,2359,2371,2375,2386,2390,2395,2398,2404,2407,2411,2423,2427,2432,2440,2452,2455,2460,2464,2467,2470,2495,2500,2512,2522,2525,2540,2561,2566,2571,2574,2579,2591,2595,2604,2610,2644,2713,2720,2744,2757,2768,2781,2793,2801,2806,2813,2840,2847,2853,2876,2882,2898,2901,2913,2916,2972,2975,2988,2993,3010,3018,3047,3071,3106,3112,3116,3124,3135,3148,3169,3187,3190,3193,3197,3202,3207,3213,3225,3232,3264,3268,3272,3285,3290,3308,3311,3317,3327,3332,3336,3342,3347,3356,3361,3370,3383,3407,3410,3434,3452,3468,3473,3480,3491,3497,3501,3511,3515,3518,3521,3548,3553,3562,3572,3577,3582,3597,3600,3603,3610,3614,3617,3628,3631,3638,3641,3653,3658,3667,3698,3703,3706,3713,3721,3733,3747,3750,3773,3776,3785,3788,3810,3814,3847,3861,3868,3881,3885,3890,3904,3907,3918,3921,3936,3939,3942,3968,3983,3989,3992,4013,4016,4046,4067,4070,4076,4080,4085,4107,4110,4136,4152,4155,4159,4177,4190,4199,4212,4235,4254,4257,4265,4272,4280,4286,4322,4328,4341,4344,4347,4356,4360,4365,4368,4373,4384,4402,4411,4426,4430,4459,4462,4475,4491,4495,4498,4501,4521,4543,4552,4561,4573,4652,4690,4694,4706,4723,4736,4745,4753,4756,4765,4778,4782,4787,4800,4818,4830,4846,4850,4853,4862,4869,4878,4904,4908,4914,4917,4925,4931,4968,5000,5018 9,3.3344537511509307:46,57,152,159,163,207,248,251,270,281,301,317,348,379,390,393,395,405,418,436,455,461,473,477,483,492,515,522,540,549,554,561,564,572,575,609,612,622,634,641,652,655,671,694,698,701,710,713,720,724,741,747,752,760,771,791,796,840,851,866,884,898,904,907,917,933,942,957,965,969,975,982,986,1007,1035,1041,1072,1087,1099,1116,1120,1142,1145,1149,1152,1158,1161,1163,1172,1211,1222,1227,1255,1259,1290,1293,1297,1305,1322,1333,1342,1351,1355,1392,1404,1424,1482,1508,1511,1516,1550,1573,1583,1586,1600,1660,1665,1675,1685,1688,1693,1701,1720,1729,1735,1746,1755,1758,1762,1773,1780,1796,1808,1817,1838,1841,1856,1863,1879,1888,1899,1903,1911,1913,1916,1922,1928,1934,1939,1951,1962,1967,1973,1976,1980,1990,2006,2012,2025,2041,2044,2047,2068,2071,2093,2101,2107,2115,2122,2125,2128,2133,2139,2153,2156,2165,2170,2179,2184,2190,2195,2205,2220,2229,2244,2249,2261,2266,2276,2286,2298,2306,2320,2331,2346,2353,2368,2373,2378,2386,2389,2401,2407,2410,2438,2441,2446,2476,2509,2527,2536,2546,2551,2554,2561,2573
theft 1 246400,1.6989700043360187:74,76,222,310,1150
their 1 246391,1.7781512503836434:260,2050,4162,4627,4837,4911
them 2 246391,1.6020599913279623:3395,4171,4834,4860 9,1.3010299956639813:658,1231
themselv 1 246400,1.0:2246
then 2 246391,1.7781512503836434:1327,3001,3579,4416,4536,4791 9,1.7781512503836434:579,767,924,1525,2493,2496
there 2 246391,2.1461280356782377:215,441,498,715,921,954,1093,1788,2585,2672,3438,3760,4243,4594 9,1.4771212547196624:443,1245,2451
therebi 1 246400,1.0:261
therefor 2 246391,1.0:555 9,1.0:2364
these 2 246391,1.6020599913279623:1804,2864,4965,5013 9,1.3010299956639813:1056,2570
they 2 246391,1.7781512503836434:791,3398,3663,4195,4842,4900 9,1.6020599913279623:1213,1847,1959,2541
thi 2 246391,2.414973347970818:136,427,488,533,822,1024,1661,1698,1825,2658,3164,3373,3460,3488,3683,3895,4035,4049,4128,4481,4558,4570,4620,4872,4929,4985 9,1.6020599913279623:1090,1919,2301,2524
think 1 246391,1.0:662
third 1 246391,1.0:3583
thirdli 1 246391,1.3010299956639813:1253,2239
tho 1 246400,1.9030899869919433:1064,1069,1077,1097,1112,1534,1558,1611
those 2 246391,1.4771212547196624:2228,4772,4810 9,1.6989700043360187:625,994,1741,2032,2487
though 1 246400,1.0:1521
thought 1 246391,1.3010299956639813:328,3664
threat 1 246400,1.3010299956639813:1671,1714
threaten 1 246400,1.0:1535
three 2 246391,1.9542425094393248:145,2070,2119,2198,2774,2922,3107,3216,3795 9,1.0:1512
three-point 1 246391,1.0:1224
three-step 1 246391,1.0:1526
through 1 246391,1.3010299956639813:1353,3867
time 2 246391,1.4771212547196624:1237,1371,3104 9,1.4771212547196624:731,1195,1613
tin 1 246400,2.2552725051033056:620,623,639,645,653,690,703,816,841,909,984,1050,1203,1224,1261,1281,1307,1409
tinker 1 246391,1.3010299956639813:4117,4119
titl 1 246391,2.230448921378274:899,1091,1201,1314,1405,1419,1437,1439,1460,1470,2903,3408,3916,3971,4019,4349,4526
to 2 246391,3.1958996524092336:112,167,182,236,271,326,332,493,545,557,572,590,627,649,670,674,730,770,806,811,829,832,853,898,932,1018,1063,1087,1099,1103,1119,1125,1145,1148,1202,1219,1272,1282,1298,1319,1387,1401,1414,1418,1426,1429,1432,1452,1484,1496,1534,1540,1547,1555,1592,1595,1598,1609,1611,1614,1674,1685,1734,1751,1913,1934,2021,2024,2057,2067,2081,2137,2189,2222,2251,2257,2305,2333,2436,2545,2555,2570,2626,2638,2691,2705,2753,2803,2830,2886,2912,2984,3026,3051,3146,3150,3201,3231,3261,3274,3284,3296,3302,3409,3424,3471,3570,3591,3608,3643,3656,3717,3746,3762,3784,3842,3932,3938,3967,4004,4020,4104,4112,4151,4189,4310,4355,4389,4419,4424,4436,4471,4500,4510,4533,4582,4603,4610,4633,4639,4659,4668,4676,4684,4759,4777,4802,4817,4829,4832,4835,4848,4852,4858,4906,4921,4971 9,2.740362689494244:213,336,344,354,468,490,582,595,597,788,812,861,865,881,883,910,938,963,1016,1034,1062,1085,1104,1114,1148,1210,1226,1285,1289,1314,1345,1358,1410,1448,1499,1506,1560,1608,1614,1622,1752,1832,1837,1862,1902,2031,2106,2121,2178,2187,2336,2403,2465,2530,2543
told 1 246400,1.3010299956639813:428,1594
too 1 246391,1.0:4193
total 1 246400,1.4771212547196624:241,728,2296
trade 1 246391,1.4771212547196624:1894,1940,2930
transfer 1 246391,2.4771212547196626:1912,1933,1974,2115,2129,2180,2267,2408,2474,2526,2688,2695,2770,3021,3050,3147,3170,3270,3318,3384,3453,3512,3544,3555,3752,3799,3811,3819,3969,4014
treatment 1 246391,1.0:3859
tremend 1 246391,1.0:4246
tri 2 246391,1.0:2544 9,1.3010299956639813:155,2186
trial 2 246391,1.3010299956639813:448,871 9,1.0:2166
tribunal/court 2 246391,1.0:26 9,1.0:22
troubl 1 246391,1.0:3045
truck 1 246391,1.0:1843
trust 1 246391,1.6020599913279623:2027,3956,4053,4451
truste 1 246391,1.3010299956639813:2023,3978
tua 1 246400,1.0:2421
two 2 246391,1.4771212547196624:1930,2033,4963 9,1.7781512503836434:530,617,681,702,779,1047
type 2 246391,1.0:4050 9,2.1461280356782377:131,761,1012,1343,1356,1801,1821,1867,1892,1900,1929,2290,2321,2357
unabl 1 246391,1.3010299956639813:1400,2554
unawar 1 246391,1.0:4197
uncertain 1 246391,1.0:5006
under 2 246391,1.6989700043360187:538,620,634,837,1066 9,1.6989700043360187:266,454,574,1232,1335
underneath 1 246400,1.0:1248
undischarg 1 246391,1.0:2968
unfortun 1 246391,1.0:3476
unlaw 1 246391,1.6989700043360187:1155,1250,1259,2769,3269
unless 1 246391,1.0:1151
unrebut 1 246400,1.0:2517
unremark 1 246391,1.0:1169
unresolv 1 246391,1.0:4252
unsatisfactori 1 246391,1.0:3482
until 1 246391,1.0:2961
upon 1 246391,1.6020599913279623:280,2046,3835,4740
us 1 246391,1.0:2680
use 1 246391,1.3010299956639813:821,3110
v 2 246391,2.1461280356782377:5,470,704,709,740,878,940,1042,1710,1773,4025,4118,4231,4888 9,1.3010299956639813:3,2423
valu 1 246400,1.3010299956639813:234,242
van 1 246391,1.9542425094393248:1856,1864,1888,2136,2412,2976,3011,3048,3519
vankrisappan 1 246391,1.4771212547196624:705,879,1711
variou 1 246391,1.3010299956639813:1477,3770
vautier 1 246391,1.0:4026
vehicl 1 246391,2.414973347970818:146,171,179,1931,1986,2071,2083,2120,2277,2329,2917,2923,3108,3149,3198,3273,3321,3411,3796,3886,3911,3937,4366,4499,4851,4909
veri 1 246391,1.0:3465
view 2 246391,1.4771212547196624:1508,2496,3325 9,1.0:2230
visa 1 246391,1.0:4950
visit 1 246400,1.0:1507
voir 1 246400,1.0:1679
voluntarili 1 246400,1.3010299956639813:1496,1706
wa 2 246391,2.832508912706236:233,432,551,1094,1154,1249,1279,1703,1802,1869,1911,2065,2177,2248,2285,2362,2458,2493,2503,2515,2520,2553,2563,2581,2586,2736,2762,2789,2861,2895,2907,2949,2966,2990,3000,3012,3020,3042,3049,3065,3073,3180,3335,3379,3524,3541,3557,3670,3681,3754,3816,3852,3973,4043,4079,4084,4130,4145,4185,4244,4307,4343,4351,4467,4529,4549,4559,4981 9,2.568201724066995:154,350,400,600,675,679,1031,1135,1168,1238,1246,1327,1330,1347,1400,1416,1443,1494,1503,1523,1555,1645,1690,1708,1722,1733,1778,1830,1918,2037,2065,2098,2150,2303,2363,2391,2577
wah 1 246400,1.4771212547196624:2,63,170
walk 1 246400,1.0:580
warn 1 246400,1.0:1566
warrant 1 246400,1.0:2519
washroom 1 246400,1.0:1509
wayfoong 1 246391,1.4771212547196624:2293,2437,3707
week 1 246400,1.0:356
well 1 246391,1.3010299956639813:2379,3588
went 1 246400,1.0:481
were 2 246391,2.2552725051033056:1889,1932,1987,2356,2532,2716,2722,2828,2850,2924,2981,3109,3455,3738,4196,4747,5015,5026 9,2.5440680443502757:444,624,749,756,758,774,782,832,978,993,1051,1058,1214,1301,1308,1385,1740,1766,1785,1848,1860,1887,1921,1984,2018,2029,2077,2146,2193,2272,2314,2352,2371,2464,2549
what 1 246400,1.3010299956639813:599,1616
whatsoev 1 246391,1.0:2016
when 2 246391,1.6020599913279623:763,2315,3039,3637 9,1.4771212547196624:874,1453,2342
where 1 246391,1.9030899869919433:497,953,1016,1578,1787,4647,4682,4881
wheresoev 1 246391,1.0:2018
whether 2 246391,1.6020599913279623:97,230,354,4977 9,1.6989700043360187:84,116,1244,1734,2450
whi 1 246400,1.0:821
which 2 246391,2.322219294733919:349,408,636,655,743,751,1105,1121,1501,1672,1727,1733,2103,2275,2537,2999,3712,4060,4250,4630,4656 9,1.6989700043360187:333,755,2111,2460,2515
while 1 246391,1.6020599913279623:400,984,2734,3178
whilst 1 246391,1.0:1883
white 1 246400,2.230448921378274:1008,1023,1311,1786,1797,1818,1849,1866,1906,1952,2019,2055,2078,2255,2273,2287,2315
who 2 246391,1.9542425094393248:1312,1325,1384,1435,1544,2715,2788,3392,4414 9,1.0:781
whoever 1 246400,1.0:290
whom 1 246391,1.0:1599
whose 1 246391,1.3010299956639813:1134,1276
wife 1 246391,1.0:4089
will 1 246391,2.0791812460476247:1557,2008,2232,2611,2619,2660,2721,2794,2802,2814,3259,3829
wit 2 246391,1.6020599913279623:2725,2865,3262,3674 9,1.3010299956639813:214,1429
with 2 246391,2.361727836017593:559,759,794,1003,1053,1175,1803,1831,1844,1857,2245,2415,2442,2508,2594,2889,3159,3307,3415,3510,3724,3980,4750 9,2.0791812460476247:239,328,646,686,723,1421,1441,1460,1476,1537,1564,2334
within 1 246391,1.0:454
without 1 246391,1.7781512503836434:2214,2708,3023,3059,3800,3924
woman 1 246400,1.0:1130
word 1 246391,1.0:2745
work 1 246400,1.3010299956639813:1176,1265
worker 1 246391,1.0:2824
would 2 246391,2.2552725051033056:803,1326,1363,3404,3412,3995,4240,4370,4398,4405,4415,4438,4454,4506,4539,4793,4824,5002 9,1.3010299956639813:2470,2518
written 1 246391,1.3010299956639813:292,3648
x 1 246391,1.4771212547196624:1310,1357,1383
y 1 246391,1.6989700043360187:1320,1348,1359,1362,1375
year 1 246400,1.3010299956639813:338,1539
yeng 1 246400,1.0:1065
yf 1 246391,1.0:1860
yong 2 246391,1.3010299956639813:32,132 9,1.3010299956639813:28,148
you 1 246400,1.4771212547196624:167,181,259
yr 1 246400,1.0:173
 2 246391,1.8450980400142567:81,85,88,96,107,114,118 9,2.0:69,71,73,75,83,96,109,111,115,137
 2 246391,1.0:73 9,1.0:64
